0.0 0.0 0.0 0 0 0 1.98854e+30 Sun yellow
-56939499000.0 -28343030000.0 2907607800.0 11649.7 -41479.3 -4459.52 3.302e+23 Mercury dimgray
42666101000.0 99089170000.0 -1102842200.0 -32293.0 13696.0 2050.91 4.8685e+24 Venus khaki
-143959899000.0 -40990530000.0 1990300.0 7651.51 -28751.4 2.08354 5.97219e+24 Earth royalblue
-114927899000.0 -197277830000.0 -1313202200.0 21836.9 -10113.2 -747.957 6.4185e+23 Mars firebrick
-567080899000.0 -578478830000.0 15091377800.0 9167.93 -8532.44 -169.767 1.89813e+27 Jupiter sandybrown
81869401000.0 -1503393830000.0 22872377800.0 9113.12 496.372 -371.643 5.68319e+26 Saturn goldenrod
2624878101000.0 1401746170000.0 -28782322200.0 -3259.37 5688.78 63.2569 8.68103e+25 Uranus cadetblue
4302818101000.0 -1243213830000.0 -73569822200.0 1471.32 5253.63 -142.701 1.0241e+26 Neptune mediumblue
1655358101000.0 -4736013830000.0 27812077800.0 5245.41 638.51 -1607.09 1.307e+22 Pluto lightgray
